0 0.00230216 0.00230216 0 0.00115108 0 0 0 0 0 0 0.00230216 0 0 0 0.00115108 0 0.00464029 0.00694245 0 0.00345324 0 0 0 0 0 0 0 0 0 0 0 0 0 0 0 0 0 0 0 0 0 0 0 0 0 0 0 0 0 0 0.00279856 0 0 0.0135108 0.219424 1 1
0.00020428 0.000272374 0.000486381 0 0.000136187 0.000272374 0.00020428 6.80934e-05 0 0.000914397 0.00020428 0.000768483 0.000632296 0.00020428 0.000136187 0.000136187 6.80934e-05 0.000272374 0.00337549 0 0.00154669 0 0.000418288 0.000418288 0 0 0 0 0 0 0 0 0 0 0 0 6.80934e-05 0 0 0 0 0 0 0 0 0 0 0 0 0.000128405 0 0.000361868 0.000175097 4.66926e-05 0.00497471 0.098249 1 1
2.65604e-05 0 0.000314298 0 0.000544489 8.4108e-05 8.4108e-05 5.31208e-05 0.000283311 0.000110668 0.000168216 0.000199203 5.31208e-05 0 0.000774679 2.65604e-05 2.65604e-05 0.000455954 0.000602036 0.000141656 0.000225764 0 0.000513502 2.65604e-05 0 0 0 0 0 0 0 0 0 0 0 0 0 0 0 2.65604e-05 0 0 5.31208e-05 0 2.65604e-05 2.65604e-05 0 0 4.42674e-06 6.33024e-05 0 0.000122178 8.1452e-05 4.42674e-06 0.0043475 0.214697 1 1
0 0 0 0 0.00329843 0 0.00162304 0.00329843 0.00162304 0.00329843 0.00162304 0.00162304 0.00162304 0 0 0.00162304 0 0 0.0166492 0 0.00162304 0 0 0 0 0 0 0 0 0 0 0 0 0 0 0 0 0 0 0 0 0 0 0 0 0 0 0 0 0.000717277 0 0.000717277 0 0 0.0185183 0.209424 1 1
0 0 0 0 0.00329843 0 0.00162304 0.00329843 0.00162304 0.00329843 0.00162304 0.00162304 0.00162304 0 0 0.00162304 0 0 0.0166492 0 0.00162304 0 0 0 0 0 0 0 0 0 0 0 0 0 0 0 0 0 0 0 0 0 0 0 0 0 0 0 0 0.000706806 0 0.000706806 0 0 0.0185183 0.209424 1 1
0 0 0 0 0.0342593 0 0 0.0342593 0 0 0 0 0 0 0 0 0 0 0 0 0 0 0 0 0 0 0 0 0 0 0 0 0 0 0 0 0 0 0 0 0 0 0 0 0 0 0 0 0 0.00412963 0 0 0 0 0.0555556 0.277778 1 1
0 0 0 0 0.0171429 0 0 0 0 0.00571429 0.00857143 0.0114286 0 0 0 0.00857143 0 0.00285714 0.034375 0 0.00571429 0 0 0 0 0 0 0 0 0 0 0 0 0 0 0 0 0 0 0 0 0 0 0 0 0 0 0 0 0.000482143 0 0.00146429 0.000482143 0 0.0149196 0.0357143 1 1
0 0 0 0 0.0383673 0 0 0.0383673 0 0 0 0 0 0 0 0 0 0 0 0 0 0 0 0 0 0 0 0 0 0 0 0 0 0 0 0 0 0 0 0 0 0 0 0 0 0 0 0 0 0.00420408 0 0 0 0 0.05 0.22449 1 1
0.000119332 0 0.000365951 0 0.000485282 0 0.000238663 0 0.000731901 0.000604614 0.000604614 0.000731901 0 0 0 0 0 0.000119332 0.00097852 0.00280827 0.00159109 0 0 0.000119332 0 0 0 0 0 0 0 0 0.000119332 0 0 0 0 0 0 0 0 0 0.000238663 0 0 0 0 0 0 0.000215593 0 0.000143994 0.000161496 1.7502e-05 0.00775179 0.354017 1 1
8.01068e-05 0.000160214 0.00102804 0 0.000253672 0.000427236 0.000507343 0 8.01068e-05 0 0 0.000854473 0.000333778 0 0.000160214 0 0 0.000160214 0.00222964 8.01068e-05 0.000947931 0 0.000253672 0 0 0 0 0 0 0 0 0 0 0 0 0 0 0 0 0 0 0 0 8.01068e-05 0 0 0 0 5.34045e-05 4.00534e-05 0 0.000325768 0.000108144 0 0.00230841 0.0574099 1 1
0 0 0 0 0 0 0.0457143 0 0 0.0914286 0.0457143 0 0 0 0 0 0 0.0457143 0.182857 0 0.0457143 0 0 0 0 0 0 0 0 0 0 0 0 0 0 0 0 0 0 0.0457143 0 0 0 0 0 0 0 0 0 0 0 0.022 0 0 0.0624762 0.285714 1 1
0 0 0.0013587 0 0.00206522 0.0013587 0.0013587 0 0 0 0.000652174 0.000652174 0.000652174 0 0 0 0 0 0.00630435 0 0.00418478 0 0 0 0 0 0 0 0 0 0 0 0 0 0 0 0 0 0 0 0 0 0 0 0 0 0 0 0.000119565 0.00023913 0 0.00360326 0 0 0.00675543 0.0597826 1 1
0 0.00264368 0.00130268 0 0.00130268 0 0 0 0 0 0 0.00264368 0 0 0 0.00130268 0 0.00532567 0.00800766 0 0.00398467 0 0 0 0 0 0 0 0 0 0 0 0 0 0 0 0 0 0 0 0 0 0 0 0 0 0 0 0 0.000214559 0 0.00301149 0 0 0.0142835 0.233716 1 1
0 0 0 0 0.036 0 0.036 0 0 0.036 0.036 0 0.036 0 0 0 0 0 0.1088 0 0.036 0 0 0 0 0 0 0 0 0 0 0 0 0 0 0 0 0 0 0 0 0 0 0 0 0 0 0 0 0 0 0 0 0 0.08332 0.28 1 1
0 0 0.00692683 0 0.00346341 0.00170732 0 0.00170732 0 0.00346341 0 0.00170732 0 0 0 0.0260976 0 0 0.0156585 0 0.0139024 0 0.00170732 0 0 0 0 0 0 0 0 0 0 0 0 0 0 0 0 0 0 0 0 0 0 0 0 0 0 0.000497561 0 0.00174146 0 0 0.00961463 0.117073 1 1
0 0.00168675 0.00168675 0 0.0051004 0 0.00168675 0 0 0.0051004 0 0 0 0 0 0.0051004 0 0 0.00682731 0.00168675 0.0051004 0 0 0.00168675 0 0 0 0 0 0 0 0 0 0 0 0 0.0051004 0 0 0.00168675 0 0 0 0 0 0 0 0 0 0.000253012 0 0.00229719 0.000253012 0 0.0227269 0.220884 1 1
0 0 0 0 0.00878505 0 0 0 0 0 0 0 0 0 0 0 0 0 0.0175701 0 0.0264486 0 0 0 0 0 0 0 0 0 0 0 0 0 0 0 0 0 0 0 0 0 0 0 0 0 0 0 0 0 0 0.004 0 0 0.0434766 0.28972 1 1
0 0 0 0 0 0 0 0 0 0 0 0 0 0 0 0 0 0 0 0 0.00457701 0 0.00151844 0 0 0 0 0 0 0 0 0 0 0 0 0 0 0 0 0 0 0 0 0 0 0 0 0 0 0 0 0.00428416 0.000802603 0 0.0769219 0.206074 1 1
0 0 0.00785714 0 0.0158571 0 0.00257143 0 0 0 0 0 0.0131429 0 0.00257143 0 0.00528571 0.00528571 0.045 0 0.0131429 0 0 0 0 0 0 0 0 0 0 0 0 0 0 0 0 0 0 0 0 0 0 0 0 0 0 0 0 0.0026 0 0.0065 0 0 0.0188571 0.0571429 1 1
0 0.0033871 0 0 0.00854839 0.00166667 0 0 0.00166667 0 0 0.0033871 0 0 0.00682796 0.0033871 0.00166667 0.0170968 0.0119355 0 0.0102688 0 0.00166667 0.0033871 0 0 0 0.00166667 0 0 0 0 0 0 0 0 0 0 0 0.00854839 0 0 0 0 0 0 0 0 0 0.00147849 0 0.000295699 0.00266667 0 0.0188656 0.489247 1 1
0 0 0 0 0 0 0 0 0 0 0 0 0 0 0 0 0 0 0 0 0 0 0 0 0 0 0 0 0 0 0 0 0 0 0 0 0 0 0 0 0 0 0 0 0 0 0 0 0 0.0316957 0 0.0316957 0 0 0.166652 0.391304 1 1
2.21337e-05 3.09872e-05 4.42674e-05 0 0.000336432 2.21337e-05 6.64011e-05 8.85347e-06 0.000243471 0 4.42674e-05 0.000208057 8.85347e-06 0 0 0 8.85347e-06 5.75476e-05 0.000925188 4.42674e-05 0.000694998 0 2.21337e-05 0 0 0 0 0 0 0 0 0 0 0 0 8.85347e-06 4.42674e-05 0 0 0 0 0 0 0 0 0 0 0 1.85923e-05 4.47101e-05 7.08278e-06 0.000110668 2.0363e-05 2.61178e-05 0.00113723 0.0292165 1 1
0 0 0 0 0.0864706 0 0 0 0 0 0 0 0 0 0 0.0864706 0 0 0 0 0 0 0 0 0 0 0 0 0 0 0 0 0 0 0 0 0 0 0 0 0 0 0 0 0 0 0 0 0.0118824 0.0118824 0 0.0237941 0 0 0.142853 0.352941 1 1
0 0 0 0 0.0168116 0 0 0 0 0 0 0.0084058 0 0 0 0.0168116 0 0.0168116 0.0168116 0 0.0253623 0 0 0 0 0 0 0 0 0 0 0 0 0 0 0 0 0 0 0 0 0 0 0 0 0 0 0 0 0.00192754 0 0.00966667 0 0 0.0163913 0.0724638 1 1
0 0 0 0 0 0 0 0 0 0 0 0 0 0 0 0 0 0 0 0 0 0 0 0 0 0 0 0 0 0 0 0 0 0 0 0 0 0 0 0 0 0 0 0 0.017561 0 0 0 0 0.00239024 0 0.00478049 0.00239024 0 0.0666585 0.268293 1 1
2.21435e-05 3.10009e-05 4.4287e-05 0 0.000336581 2.21435e-05 6.64305e-05 8.8574e-06 0.000243578 0 4.4287e-05 0.000208149 8.8574e-06 0 0 0 8.8574e-06 5.75731e-05 0.000925598 4.4287e-05 0.000695306 0 2.21435e-05 0 0 0 0 0 0 0 0 0 0 0 0 8.8574e-06 4.4287e-05 0 0 0 0 0 0 0 0 0 0 0 1.86005e-05 4.47299e-05 7.08592e-06 0.000110717 2.0372e-05 2.61293e-05 0.00113596 0.0292294 1 1
0 0 0 0 0 0 0 0 0 0 0 0 0 0 0 0 0 0 0 0 0 0 0 0 0 0 0 0 0 0 0 0 0 0 0 0 0 0 0 0 0 0 0 0 0.017561 0 0 0 0 0.00239024 0 0.00478049 0.00239024 0 0.0666585 0.268293 1 1
0 0 0 0 0 0 0.0353191 0 0 0 0 0 0 0 0 0 0 0 0.0708511 0 0 0 0 0.0708511 0 0 0 0 0 0 0 0 0 0 0 0 0 0 0 0 0 0 0 0 0 0 0 0 0 0 0 0.00782979 0 0 0.0555532 0.255319 1 1
0 0 0 0 0 0 0 0 0 0 0 0 0 0 0 0.0925 0 0 0 0 0 0 0 0 0 0 0 0 0 0 0 0 0 0 0 0 0 0 0 0 0 0 0 0 0 0 0 0 0 0.00977778 0 0.00977778 0 0 0.111111 0.305556 1 1
0 0 0 0 0.00503876 0 0.00503876 0 0 0 0.00503876 0.00503876 0 0 0 0.00503876 0.0100775 0 0.0100775 0.0404651 0.0100775 0 0 0.00503876 0 0 0 0 0 0 0 0 0 0 0 0 0 0 0 0 0 0 0 0 0 0 0 0 0 0.00355814 0 0.000705426 0 0 0.0208295 0.511628 1 1
0.0198305 0 0 0 0 0 0 0 0 0 0 0.0198305 0 0 0 0 0.0198305 0 0.059661 0 0 0 0 0 0 0 0 0 0 0 0 0 0 0 0 0 0 0 0 0 0 0 0 0 0.0198305 0 0 0 0 0 0 0.0150169 0 0 0.033322 0.169492 1 1
0 0 0.0704651 0 0 0 0 0 0 0 0 0 0 0 0 0.0704651 0 0 0 0 0 0 0 0 0 0 0 0 0 0 0 0 0 0 0 0 0 0 0 0 0 0 0 0 0 0 0 0 0 0.00818605 0 0.0491163 0 0 0.090907 0.255814 1 1
0 0 0 0 0.021236 0.00303371 0 0 0 0 0 0.00910112 0 0 0 0.00303371 0 0 0.0394382 0 0.0303371 0 0 0.00303371 0 0 0 0 0 0 0 0 0 0 0 0 0 0 0 0 0 0 0 0 0 0 0 0 0 0.000505618 0 0 0.00102247 0 0.015618 0.123596 1 1
0 0 0 0 0 0 0 0 0 0 0 0 0 0 0 0 0 0.284118 0.284118 0 0 0 0 0 0 0 0 0 0 0 0 0 0 0 0 0 0 0 0 0 0 0 0 0 0 0 0 0 0 0 0 0 0.0177647 0 0.1 0.294118 1 1
0 0.00257576 0 0 0 0 0 0 0 0.00257576 0.00515152 0 0 0 0 0 0 0 0.00772727 0 0.00257576 0 0 0 0.00257576 0 0 0.00257576 0 0 0.00515152 0 0 0 0.00257576 0 0.00515152 0 0 0 0 0 0 0 0 0 0 0 0 0 0.000700758 0 0 0 0.0144924 0.113636 1 1
0 0 0.1024 0 0 0 0 0 0 0 0 0 0 0 0 0 0 0 0.2048 0 0 0 0 0 0 0 0 0 0 0 0 0 0 0 0 0 0 0 0 0 0 0 0 0 0 0 0 0 0 0.01232 0 0.06172 0 0 0.11108 0.24 1 1
0 0 0 0 0.101379 0 0 0 0 0 0 0 0 0 0 0.101379 0 0 0 0 0 0 0 0 0 0 0 0 0 0 0 0 0 0 0 0 0 0 0 0 0 0 0 0 0 0 0 0 0.0150345 0.0150345 0 0.0301034 0 0 0.142828 0.413793 1 1
0 0 0.00200837 0 0.00610879 0 0.00200837 0 0 0 0 0.00405858 0 0 0 0.00200837 0.00405858 0 0.0101674 0 0.0101674 0 0.00200837 0 0 0 0 0 0 0 0 0 0 0 0 0 0 0 0 0 0 0 0 0 0.00200837 0 0 0 0 0.000338912 0 0.00204184 0.00102092 0 0.0227238 0.32636 1 1
0 0.00258065 0.00258065 0 0.00258065 0 0 0 0 0 0 0.00521505 0 0 0 0.00258065 0 0.00521505 0.00784946 0 0.00521505 0 0 0 0 0 0 0 0 0 0 0 0 0 0 0 0 0 0 0 0 0 0 0 0 0 0 0 0 0.000430108 0 0.00517742 0 0 0.0166667 0.327957 1 1
0 0.0014386 0.00582456 0 0.0014386 0 0 0 0 0 0 0.0014386 0 0 0 0.0014386 0 0.00291228 0.00729825 0 0.00438596 0 0 0 0 0 0 0 0 0 0 0 0 0 0 0 0 0 0 0 0 0 0 0 0.0014386 0 0 0 0 0.000238597 0 0.00263158 0 0 0.0135123 0.424561 1 1
0.00132743 0 0 0 0.00269912 0.0040708 0 0.0108407 0 0 0 0.00132743 0.00676991 0 0 0 0 0.00132743 0.0122124 0 0.00269912 0 0.00132743 0.00269912 0 0 0 0 0 0 0 0 0 0 0 0 0.00132743 0 0 0 0 0 0 0 0 0 0 0 0 0.000225664 0 0.000915929 0.000915929 0 0.00943363 0.132743 1 1
0 0 0 0 0.105 0 0 0 0 0 0 0 0 0 0 0.105 0 0 0 0 0 0 0 0 0 0 0 0 0 0 0 0 0 0 0 0 0 0 0 0 0 0 0 0 0 0 0 0 0.0119643 0.0119643 0 0.0239643 0 0 0.142857 0.428571 1 1
0 0 0 0 0.105 0 0 0 0 0 0 0 0 0 0 0.105 0 0 0 0 0 0 0 0 0 0 0 0 0 0 0 0 0 0 0 0 0 0 0 0 0 0 0 0 0 0 0 0 0.0126786 0.0126786 0 0.0253929 0 0 0.142857 0.428571 1 1
0 0 0.00808824 0 0.0163235 0 0.00264706 0 0 0 0 0.00264706 0.0135294 0 0.00264706 0 0.00544118 0.00544118 0.0463235 0 0.0135294 0 0 0 0 0 0 0 0 0 0 0 0 0 0 0 0 0 0 0 0 0 0 0 0 0 0 0 0 0.00267647 0 0.00626471 0 0 0.0188676 0.0588235 1 1
0 0 0 0 0.00153392 0 0.000766962 0.00153392 0 0.000766962 0.000766962 0.00153392 0 0 0 0.000766962 0.00460177 0.000766962 0.00536873 0.00613569 0.000766962 0 0 0 0 0 0 0 0 0 0 0 0 0 0 0 0 0 0 0 0 0 0 0 0 0 0 0 0 0.000215339 0 0.00239823 0.000106195 0.000433628 0.00632743 0.112094 1 1
0.000193798 0.000581395 0.00135659 0 0.000581395 0 0 0.0023385 0.000775194 0.000968992 0 0.00116279 0.000387597 0 0.000387597 0 0 0 0.0052584 0 0.0019509 0 0 0.000387597 0 0 0 0 0 0 0 0 0 0 0 0 0 0 0 0 0 0 0 0 0.000193798 0 0 0 0 0.000322997 0 0.00170284 8.78553e-05 0 0.00684884 0.167959 1 1
0.00040724 0 0.00040724 0 0.00355204 0.00081448 0.000135747 0.000135747 0.000135747 0.000271493 0.000135747 0.00122172 0.000678733 0.000135747 0 0 0.00162896 0.000135747 0.0102715 0.000542986 0.00246606 0 0.00190045 0.000135747 0 0 0 0 0 0 0 0 0 0 0 0 0 0 0 0 0 0 0.000135747 0 0.000135747 0 0 0 2.26244e-05 0.000117647 0 2.26244e-05 0.000377828 0 0.00392081 0.0271493 1 1
0.00521277 0 0.0105319 0 0 0.0105319 0 0 0 0.0105319 0.0105319 0.026383 0.00521277 0 0 0.0528723 0.0105319 0 0.0370213 0 0.0211702 0 0.00521277 0 0 0 0 0 0 0 0 0 0 0 0 0 0 0 0 0 0 0 0 0 0 0 0 0 0 0.00361702 0 0.00180851 0 0 0.015617 0.0851064 1 1
0.000151316 9.86842e-05 0.000151316 0 1.64474e-05 3.94737e-05 1.64474e-05 9.21053e-05 0.000141447 0.000243421 8.22368e-05 0.000319079 0.000184211 0.000404605 0 8.22368e-05 0.000141447 6.57895e-06 0.00105921 0 0.000480263 0 0.000345395 0.000118421 0 0 0 0 0 0 0 0 0 0 0 0 0 0 0 0 0 0 0 0 6.57895e-06 0 0 0 0 2.13816e-05 0 0.000106908 0.000248684 5.03289e-05 0.00193783 0.0634868 1 1
0.000512249 0.000512249 0.000289532 0 0 0.000367483 6.68151e-05 0.000367483 0 0.00124722 0.000434298 0.000812918 0.000879733 0 0.000289532 0.000289532 0 0.000289532 0.00390869 0 0.000734967 0 0.000211581 0.000289532 0 0 0 0 0 0 0 0 0 0 0 0 0 0 0 0 0 0 0 0 0 0 0 0 4.00891e-05 9.35412e-05 0 0.000309577 0.000256125 9.35412e-05 0.00432851 0.0445434 1 1
0.00405405 0 0.00405405 0 0 0 0 0 0 0 0 0.00405405 0.00810811 0 0 0 0 0 0.0409459 0 0.0204054 0 0 0 0 0 0 0 0 0 0 0 0 0 0 0 0 0 0 0 0.00810811 0 0 0 0.0163514 0 0 0 0.000743243 0.00148649 0 0.000743243 0 0 0.0263108 0.0945946 1 0
0.00091603 0 0.00091603 0 0 0.0019084 0 0 0 0 0 0.00091603 0.0019084 0 0 0.00091603 0 0 0.0167176 0 0.00389313 0 0 0 0 0 0 0 0 0 0 0 0 0 0 0 0 0 0 0 0.0019084 0 0 0.0048855 0.0019084 0.00091603 0 0 0 0.000709924 0 0.000175573 0 0 0.00951908 0.0381679 1 0
0 0 0 0 0 0 0 0 0.0142222 0 0 0 0 0 0 0 0 0 0.0286667 0 0 0 0 0 0 0 0 0 0 0 0 0 0 0 0 0 0 0 0 0 0 0 0 0 0.0142222 0 0 0 0 0.00257778 0 0.00515556 0 0 0.0344667 0.133333 1 0
0 0 0 0 0 0 0 0 0.0102778 0 0 0 0 0 0 0 0 0 0.0309722 0 0 0 0 0 0 0 0 0 0 0 0 0 0 0 0 0 0 0 0.0102778 0 0 0 0 0 0.0102778 0 0 0 0 0.00383333 0 0.00766667 0 0 0.0370278 0.222222 1 0
0 0 0.006625 0 0 0 0 0 0 0 0 0 0 0 0 0 0 0 0.01325 0 0.01325 0 0 0 0 0 0 0 0 0.006625 0 0 0 0 0 0 0 0 0 0 0.006625 0 0 0 0 0 0 0 0 0 0 0 0 0 0.0833312 0.45625 1 0
0 0 0 0 0 0 0 0 0 0 0 0 0 0 0 0 0 0 0.34625 0 0 0 0 0 0 0 0 0 0 0 0 0 0 0 0 0 0 0 0 0 0 0 0 0.34625 0.34625 0 0 0 0 0 0 0 0 0 0.125 0.125 1 0
0 0 0 0 0 0 0 0 0 0 0 0 0 0 0 0 0 0 0.624 0 0 0 0 0 0 0 0 0 0 0 0 0 0 0 0 0 0 0 0 0 0 0 0 0.624 0.624 0 0 0 0 0 0 0.0934 0 0 0.2 0.2 1 0
0 0 0 0 0 0 0 0 0 0 0 0 0 0 0 0 0 0 0.43 0 0 0 0 0 0 0 0 0 0 0 0 0 0 0 0 0 0 0 0 0 0 0 0 0 0.43 0 0 0 0 0 0 0 0 0 0.2 0.5 1 0
0.00120773 0 0.00246377 0 0 0.00120773 0 0 0 0.00057971 0 0 0.00120773 0 0 0.00120773 0.00120773 0.00183575 0.00859903 0 0.00246377 0 0 0 0 0 0 0 0 0 0 0 0 0 0 0 0 0 0 0 0 0 0 0 0.00183575 0.0209662 0 0 9.17874e-05 9.17874e-05 0 0 0.000183575 0 0.00793237 0.0821256 1 0
0 0 0 0 0 0 0 0 0 0 0 0 0 0 0 0 0 0 0.0464151 0 0 0 0 0 0 0 0 0 0 0 0 0 0 0 0 0 0 0 0 0 0 0 0 0 0.0232075 0 0 0 0 0 0 0.360962 0 0 0.25 0.90566 1 0
0.00118519 0.00118519 0.00118519 0 0.00614815 0.00118519 0 0.00118519 0 0 0 0.0037037 0.00118519 0 0 0 0 0 0.0173333 0 0.00496296 0 0 0 0 0 0 0 0 0 0 0 0 0 0 0 0 0 0 0 0 0 0 0.00118519 0.00244444 0.00118519 0 0 0.000644444 0.00042963 0 0 0 0 0.0140815 0.118519 1 0
0.0193878 0 0 0 0 0 0 0 0 0 0 0 0 0 0 0 0 0 0.0387755 0 0.0193878 0 0 0 0 0 0 0 0 0 0 0 0 0 0 0 0 0 0 0 0 0 0 0 0.0193878 0.0193878 0 0 0 0.00293878 0 0.117959 0 0 0.0434694 0.306122 1 0
0 0 0 0 0 0.0923077 0 0 0 0 0 0 0 0 0 0 0 0 0.37 0 0.277692 0 0 0 0 0 0 0 0 0 0 0 0 0 0 0 0 0 0 0 0 0 0 0 0 0.0923077 0 0 0 0 0 0 0 0 0.1 0.230769 1 0
0 0 0 0 0 0 0 0 0 0 0 0 0 0 0 0 0 0 0.205062 0 0 0 0 0 0 0 0 0 0 0 0 0 0 0 0 0 0 0 0 0 0 0 0 0 0.205062 0 0 0 0 0 0 1 0 0 0.0512963 0.0923702 0.15395 0
0 0 0.0235294 0 0 0 0 0 0 0 0 0.0235294 0 0 0 0 0 0 0.118039 0 0 0 0 0 0 0 0 0 0 0 0 0 0 0 0 0 0 0 0.0470588 0 0.0235294 0 0 0 0.0235294 0.0235294 0 0 0.00386275 0 0 0.151118 0 0 0.0666667 0.294118 1 0
0 0 0 0 0 0 0 0 0 0 0 0 0 0 0 0 0 0 0.048 0 0.048 0 0 0 0 0 0 0 0 0 0 0 0 0 0 0 0.048 0 0 0 0 0 0 0 0 0.144 0 0 0 0.0084 0 0 0 0 0.0588 0.375 1 0
0 0 0.0522222 0 0 0 0 0 0 0 0 0 0 0 0 0 0 0 0.156667 0 0.026 0 0 0 0 0 0 0 0 0 0 0 0 0 0 0 0 0 0.026 0 0.026 0 0 0 0.026 0.026 0 0 0 0 0 0 0 0 0.0666667 0.333333 1 0
0 0 0 0 0 0 0 0 0 0 0 0 0 0 0 0 0 0 0 0 0 0 0 0 0.62 0 0 0 0 0 0 0 0 0 0 0 0 0 0 0 0 0 0 0 0 0 0 0 0 0.100571 0 0 0 0 0.25 0.428571 1 0
0 0 0 0 0 0 0 0 0 0 0 0 0 0 0 0 0 0 0.0853846 0 0 0 0 0 0.0425641 0 0 0 0 0 0 0 0 0 0 0 0.0425641 0 0 0 0 0 0 0 0 0.128205 0 0 0 0.0142051 0 0 0 0 0.0588205 0.384615 1 0
0 0 0 0 0 0 0 0 0 0 0 0 0 0 0 0 0 0 1 0 0 0 0 0 0.33211 0 0 0 0 0 0 0 0 0 0 0 0 0 0 0 0 0 0 0 0 0 0 0 0 0 0 0 0 0 0.275229 0.366972 0.550459 0
0 0 0.0151724 0 0 0.0151724 0 0 0 0 0 0 0.0151724 0 0 0 0 0 0.092069 0 0.0306897 0 0 0 0.0306897 0 0 0 0 0 0 0 0 0 0 0.0151724 0 0 0 0 0.0151724 0 0 0 0.0151724 0 0 0 0 0.00255172 0 0.00513793 0 0 0.0384483 0.0689655 1 0
0.0338095 0 0 0 0 0 0 0 0 0 0 0.101905 0 0 0 0 0 0 0.0338095 0 0 0 0 0 0 0 0 0 0 0 0 0 0 0 0 0 0 0 0 0 0.101905 0 0 0 0 0 0 0 0 0.00833333 0 0.00416667 0 0 0.0434762 0.166667 1 0
0.00527778 0 0.00527778 0 0 0.00263889 0 0 0 0 0 0.00798611 0.00263889 0 0 0 0 0 0.0159722 0 0 0 0 0 0 0 0 0 0 0 0 0 0 0 0 0 0 0 0.00263889 0 0.0186806 0 0 0 0.00263889 0.00263889 0 0 0 0.00125 0 0.00375 0 0 0.0158681 0.104167 1 0
0.00337662 0 0 0 0 0.00337662 0 0 0 0 0 0 0.00337662 0 0 0 0 0 0.0345455 0 0.00337662 0 0 0 0 0 0 0 0 0 0 0 0 0 0 0 0 0 0 0 0.00688312 0 0 0.00337662 0.00688312 0.00337662 0 0 0 0.000597403 0 0 0 0 0.0158701 0.0649351 1 0
0 0 0 0 0 0 0 0 0 0 0 0.332555 0 0 0 0 0 0 1 0 0 0 0 0 0 0 0 0 0 0 0 0 0 0 0 0 0 0 0 0 0 0 0 0 0.332555 0 0 0 0 0 0 0 0 0 0.116686 0.116686 0.816803 0
0 0 0 0 0 0 0 0 0 0 0 0.0144615 0 0 0 0 0 0 0.0435385 0 0 0 0 0 0 0 0 0 0 0 0 0 0 0 0 0 0.0144615 0 0 0 0.0289231 0 0 0 0.0144615 0.130615 0 0 0 0.00410769 0 0 0 0 0.0344769 0.230769 1 0
0 0 0.666667 0 0 0 0 0 0 0 0 0 0 0 0 0 0 0 0.666667 0 0 0 0 0 0 0 0 0 0 0 0 0 0 0 0 0 0 0 0 0 0 0 0 0 0 0 0 0 0 0 0 0 0 0 0.166667 0.166667 1 0
0 0 0 0 0 0 0 0 0 0 0 0 0 0 0 0 0 0 1 0 0 0 0 0 0 0 0 0 0 0 0 0 0 0 0 0 0 0 0 0 0 0 0 0 0 0 0 0 0 0.150661 0 0.150661 0 0 0.220264 0.220264 0.220264 0
0 0 0.016087 0 0 0 0 0 0 0 0 0.016087 0.016087 0 0 0 0 0 0.144783 0 0.016087 0 0 0.016087 0.0643478 0 0 0 0 0 0 0 0 0 0 0 0 0 0 0 0 0 0 0 0.016087 0 0 0 0 0.00291304 0 0.00586957 0.00586957 0 0.0624783 0.173913 1 0
0 0 0.0156364 0 0 0 0 0 0 0 0 0 0 0 0 0.0103636 0 0 0.0576364 0 0.00509091 0 0 0 0.0103636 0 0 0 0 0 0 0 0 0 0 0 0 0 0 0 0 0 0 0 0.0156364 0 0 0 0 0.00356364 0 0.000890909 0.00267273 0 0.02 0.0363636 1 0
0 0 0 0 0 0 0 0 0 0 0 0 0 0 0 0 0 0 1 0 0.6656 0 0 0 0 0 0 0 0 0 0 0 0 0 0 0 0 0 0 0 0 0 0 0 0 0 0 0 0.05744 0.05744 0 0 0 0 0.16 0.16 0.16 0
0.00604502 0 0 0 0 0 0 0 0 0 0 0.000996785 0 0 0 0 0 0 0.000996785 0 0 0 0 0 0 0 0 0 0 0 0 0 0 0 0 0 0 0 0 0 0 0 0 0 0 0 0 0 0 0.000540193 0 0.000360129 0 0.000180064 0.00943087 0.073955 1 0
0 0.000220441 0.000220441 0 0.000681363 0 0 0 0.000220441 0.00138277 0.000681363 0.000460922 0.000220441 0 0 0 0 0.000220441 0.00162325 0 0.000921844 0 0.000681363 0 0 0 0 0 0 0 0 0 0 0 0 0.000220441 0.000460922 0 0.000220441 0 0 0 0 0 0 0.00184369 0 0 3.40681e-05 0.000306613 0 3.40681e-05 0.000136273 3.40681e-05 0.00689579 0.0701403 1 0
6.08365e-05 6.08365e-05 0.000463878 0 0 0 0 0 0 0.000326996 0 0 6.08365e-05 0 0 0 0 6.08365e-05 0.000661597 0 6.08365e-05 0 0 0 0 0 0 0 0 0 0 0 0 0 0 0 0.000197719 0 0 0 0 6.08365e-05 0 0 0 0.000593156 0 0 2.05323e-05 0.000158175 9.88593e-06 2.05323e-05 0 0 0.0035711 0.0942966 1 0
0 0 0 0 0 0 0 0 0 0 0 0 0 0 0 0 0 0 0.0240984 0 0 0 0 0 0 0 0 0 0 0 0 0 0 0 0 0 0 0 0 0 0 0.0240984 0 0 0 0.0240984 0 0 0 0.0054918 0 0 0 0.0027377 0.0434754 0.180328 1 0
0 0 0 0 0 0 0 0 0 0 0 0 0.0444444 0 0 0 0 0 0.266667 0 0.0444444 0 0 0 0 0 0 0 0 0 0 0 0 0 0 0 0 0 0 0 0 0 0 0 0.0444444 0.0444444 0 0 0 0 0 0 0 0 0.0555556 0.0555556 1 0
0 0.00210884 0.00210884 0 0 0 0 0 0 0.00421769 0 0 0 0 0 0.00210884 0 0.00210884 0 0 0.0105442 0 0 0 0 0 0 0 0 0 0 0 0 0 0 0 0.00421769 0 0.00632653 0 0 0 0 0 0 0.00421769 0 0 0 0.00130612 0 0.000979592 0 0.000326531 0.0204082 0.394558 1 0
0.00319672 0 0.00803279 0 0 0.00155738 0 0 0 0 0 0.0047541 0.00155738 0 0 0.00639344 0 0.00319672 0.0417213 0 0.0047541 0 0 0 0 0 0 0 0 0 0 0 0 0 0 0 0 0 0 0 0 0.00155738 0 0 0.00319672 0 0.00155738 0 0 0.00195902 0 0.00363934 0 0 0.0133279 0.0655738 1 0
0 0 0 0 0 0 0 0 0 0 0 0 0 0 0 0 0 0 0.039697 0 0 0 0 0 0 0 0 0 0 0 0 0 0 0 0 0 0 0 0 0 0 0 0 0 0.019697 0 0 0 0.00384848 0 0 0 0 0 0.0344545 0.0909091 1 0
0.00875 0 0.01775 0 0 0 0 0 0 0.00875 0 0.01775 0 0 0 0 0 0 0.18675 0 0.0265 0 0 0 0 0 0 0 0 0 0 0 0 0 0 0 0 0 0 0 0 0 0 0 0.00875 0 0 0 0 0.001675 0 0 0 0 0.025 0.025 1 0
0 0 0 0 0 0 0 0 0 0 0 0 0 0 0 0.00527273 0 0 0.0796364 0 0.0105455 0 0 0 0 0 0 0 0.00527273 0 0 0 0 0 0 0 0 0 0 0 0 0 0 0 0.0105455 0 0 0 0.001 0.00303636 0 0 0 0 0.0204 0.0545455 1 0
0 0 0 0 0 0 0 0 0 0 0 0.0367647 0 0 0 0 0 0 0.0735294 0 0 0 0 0 0 0 0 0 0 0 0 0 0 0 0 0 0 0 0.0182353 0 0 0 0 0.0182353 0.0182353 0 0 0 0 0.0104706 0 0.0174706 0 0 0.0625 0.470588 1 0
0 0 0.0213725 0 0 0 0 0 0 0 0 0 0 0 0 0 0 0 0.0429412 0 0 0 0 0 0 0 0 0 0 0 0 0 0 0 0 0 0 0 0 0 0 0 0 0 0 0.0645098 0 0 0 0.0037451 0 0 0 0 0.0588235 0.294118 1 0
0 0 0 0 0 0 0 0 0 0 0 0 0 0 0 0 0 0 0 0 0 0 0 0 0 0 0 0 0 0 0 0 0 0 0 0 0 0 0 0 0 0 0 0 0 0.111111 0 0 0 0 0 0 0 0 0.0588148 0.277778 1 0
0 0 0 0 0 0 0 0 0 0 0 0.0503704 0 0 0 0 0 0 0.151852 0 0 0 0 0 0 0 0 0 0 0 0 0 0 0 0 0 0 0 0.0503704 0 0 0 0 0 0.0503704 0.0503704 0 0 0 0 0 0.00866667 0 0 0.0768889 0.555556 1 0
0 0 0 0 0 0 0 0 0 0 0 0.019 0 0 0 0 0 0 0.076 0 0 0 0 0 0 0 0 0 0 0 0 0 0 0 0 0 0.019 0 0 0 0 0 0 0 0 0.057 0 0 0 0 0 0.0035 0 0 0.0625 0.3 1 0
0 0 0 0 0.0057377 0.0057377 0 0 0 0 0 0 0 0 0 0 0 0 0.0293443 0 0.0116393 0 0 0 0.0057377 0 0 0 0 0 0 0 0 0 0 0 0 0 0 0 0 0 0 0 0 0.0057377 0 0 0 0.00104918 0 0 0 0 0.0208197 0.131148 1 0
0 0 0 0 0 0 0 0 0 0 0 0 0 0 0 0 0 0 0.10931 0 0 0 0 0 0.10931 0 0 0 0 0 0 0 0 0 0 0 0 0 0.0544828 0 0 0 0 0 0.0544828 0.0544828 0 0 0 0 0 0 0 0 0.0714138 0.482759 1 0
0 0 0 0 0 0 0 0 0 0 0 0 0 0 0 0 0 0 0.0303774 0 0.0303774 0 0 0 0 0 0 0 0 0 0 0 0 0 0 0 0.0303774 0 0 0 0 0 0 0 0 0.0911321 0 0 0 0 0 0 0 0 0.0588113 0.283019 1 0
0 0 0 0 0 0.0217647 0 0 0 0 0 0.0217647 0.0438235 0 0 0 0 0 0.0438235 0 0.0438235 0 0 0 0 0 0 0 0 0 0 0 0 0 0 0 0 0 0 0 0 0 0 0 0.0217647 0 0 0 0 0 0 0 0 0 0.04 0.0882353 1 0
0.026 0 0 0 0 0 0 0 0 0 0 0.026 0 0 0 0 0 0 0.0786667 0 0.026 0 0 0 0 0.026 0 0 0 0 0 0 0 0 0 0 0 0 0 0 0 0 0 0.026 0 0 0 0 0 0 0 0 0 0 0.0625 0.266667 1 0
0 0 0 0 0 0 0 0 0 0 0 0 0 0 0 0 0 0 0.0662069 0 0.022069 0 0 0 0 0 0 0 0 0 0 0 0 0 0 0 0.022069 0 0 0 0 0 0 0 0.022069 0 0 0 0 0 0 0.0266897 0 0 0.0555517 0.241379 1 0
0 0 0 0 0 0 0 0 0 0 0 0.0881482 0 0 0 0 0 0 0.0881482 0 0.0881482 0 0 0 0.0881482 0.0881482 0 0 0 0 0 0 0 0 0 0 0 0 0 0 0 0 0 0 0 0 0 0 0 0.014963 0 0.029963 0.029963 0 0.111111 0.407407 1 0
0 0 0 0 0 0 0 0 0 0 0 0 0 0 0 0 0 0 0 0 0 0 0 0 0 0 0 0 0 0 0 0 0 0 0 0 0.0416 0 0 0 0 0 0 0 0 0.125 0 0 0 0 0 0 0 0 0.0625 0.3 1 0
0 0 0.00621359 0 0 0 0 0 0 0 0 0 0 0 0 0 0 0 0.0312621 0 0 0 0 0 0.00621359 0 0 0 0 0 0 0 0 0 0 0 0.00621359 0 0.00621359 0 0 0 0 0 0.0125243 0.0250485 0 0 0 0.00337864 0 0.0112621 0 0 0.030301 0.145631 1 0
0 0 0 0 0 0 0 0 0 0 0 0.0326471 0 0 0 0 0 0 0.0108824 0 0 0 0 0 0 0 0 0 0 0 0 0 0 0 0 0 0.0108824 0 0 0 0 0 0 0 0 0.0326471 0 0 0 0 0 0 0.00407353 0 0.04 0.220588 1 0
0 0 0 0 0 0 0 0 0 0 0 0 0 0 0 0 0 0 0.0144286 0 0 0 0 0 0 0 0 0 0 0 0 0 0 0 0 0 0.0144286 0 0 0 0 0 0 0 0 0.0721429 0 0 0 0 0 0 0 0 0.0434714 0.214286 1 0
0.00158621 0 0 0 0 0.000758621 0 0 0 0.000758621 0 0.000758621 0.000758621 0 0 0 0 0.00158621 0.0148276 0 0.00241379 0 0 0 0 0 0 0 0 0 0 0 0 0 0 0 0 0.00158621 0 0 0 0 0 0 0.00489655 0.000758621 0 0 0 0.000868966 0 0.000144828 0 0 0.00826207 0.0344828 1 0
0 0 0 0 0 0 0 0 0 0 0 0 0 0 0 0 0 0 0.0118333 0 0 0 0 0 0 0 0 0 0 0 0 0 0 0 0 0 0.00472222 0 0.00233333 0 0 0 0 0 0.00472222 0.0213333 0 0 0 0 0 0 0 0 0.0153833 0.0833333 1 0
0 0 0 0 0 0 0 0 0 0 0 0 0 0 0 0 0 0 0.00963415 0 0 0 0 0 0 0 0 0 0 0 0 0 0 0 0 0 0.00384146 0 0.00189024 0 0 0 0 0 0.00579268 0.0135366 0 0 0 0 0 0 0 0 0.015872 0.097561 1 0
0 0 0 0 0 0 0 0 0 0 0 0 0 0 0 0 0 0 0.0335616 0 0 0 0 0 0 0 0 0 0 0 0 0 0 0 0 0 0.0110959 0 0 0 0 0 0 0 0 0.0335616 0 0 0 0.00419178 0 0 0.00630137 0.00209589 0.0434658 0.205479 1 0
0 0 0 0 0 0 0 0 0 0 0 0 0.0102857 0 0 0 0 0 0.0206667 0 0 0 0 0 0 0 0 0 0 0 0 0 0 0 0 0 0.0206667 0 0 0 0 0 0 0 0 0.072381 0 0 0 0 0 0 0 0 0.0322571 0.142857 1 0
0 0 0 0 0 0 0 0 0 0 0 0 0 0 0 0 0 0 1 0 0 0 0 0 0 0 0 0 0 0 0 0 0 0 0 0 0 0 0 0 0 0 0 0 0 0 0 0 0 0 0 0 0 0 0.263852 0.263852 0.263852 0
0 0 0 0 0 0 0 0 0 0 0 0 0 0 0 0 0 0 0 0 0 0 0 0 0 0 0 0 0 0 0 0 0 0 0 0 0.0332 0 0 0 0 0 0 0.0332 0 0.1 0 0 0 0 0 0 0 0 0.0625 0.3 1 0
0.0237838 0 0 0 0 0 0 0 0 0.0475676 0 0 0 0 0 0 0 0 0.0475676 0 0 0 0 0 0 0 0 0 0 0 0 0 0 0 0 0 0.0237838 0 0 0 0 0.0237838 0 0 0.0237838 0.0475676 0 0 0 0.00337838 0 0.00337838 0 0 0.0454324 0.135135 1 0
0 0 0 0 0 0 0 0 0 0 0 0.0165385 0.0165385 0 0 0 0 0 0.0496154 0 0.0165385 0 0 0 0 0 0 0 0 0 0 0 0 0 0 0 0.0165385 0 0 0 0 0 0 0 0.0165385 0 0 0 0 0 0 0.00292308 0 0 0.0416538 0.269231 1 0
0 0 0 0 0 0 0 0 0 0 0 0 0 0 0 0 0 0 0.00276596 0 0 0 0 0 0 0 0 0 0.000668693 0 0 0 0 0 0 0 0.00136778 0 0 0 0 0 0 0 0 0.0507599 0 0 0 0.000200608 0 0 0 0 0.00694225 0.0577508 1 0
0 0.000353818 0 0 0 0 0 0 0 0 0 0 0 0 0 0 0 0.000726257 0.00182495 0.000353818 0.00182495 0 0 0 0.000353818 0 0 0 0 0.000353818 0 0 0 0 0 0 0.000726257 0 0 0 0 0 0 0 0.000353818 0.0285847 0 0 0.000160149 0 0 5.21415e-05 0 0 0.00628864 0.027933 1 0
0 0 0 0 0 0 0 0 0 0 0 0 0 0 0 0 0 0 0.444444 0 0.222222 0 0 0 0 0 0 0 0 0 0 0 0 0 0 0 0 0 0 0 0 0 0 0 0.222222 0.222222 0 0 0 0 0 0 0 0 0.111111 0.111111 1 0
0 0.0245122 0 0 0 0 0 0 0 0.0326829 0 0.00817073 0 0 0 0 0 0 0.0490244 0 0.0408537 0 0 0 0 0 0 0 0 0 0 0 0 0 0 0 0.00817073 0 0 0 0 0 0 0 0 0.0245122 0 0 0.00136585 0.00136585 0 0.00136585 0 0 0.0302927 0.182927 1 0
0.000337079 0 0.00179775 0 0 0.00108614 0 0 0 0.000337079 0 0 0.00071161 0 0 0.000337079 0.00071161 0.00217228 0.00505618 0 0.00142322 0 0 0 0 0 0 0 0 0 0 0 0 0 0 0 0 0 0 0 0 0 0 0 0.00142322 0.0116105 0 0 5.61798e-05 0.00011236 0 0 0.000172285 0 0.00644944 0.0636704 1 0
0 0 0 0 0 0 0 0 0 0 0 0.00642857 0 0 0 0 0 0 0 0 0 0 0 0 0 0 0 0 0 0 0 0 0 0 0 0 0.00642857 0 0 0 0 0 0 0 0.00642857 0.136429 0 0 0 0.00161224 0 0 0.000806122 0.000806122 0.0175408 0.153061 1 0
0 0 0 0 0 0 0 0 0 0 0 0 0 0 0 0 0 0 0 0 0 0 0 0 0 0 0 0 0 0 0 0 0 0 0 0.0166176 0 0 0 0 0 0 0 0 0 0.0166176 0 0 0 0.002 0 0 0 0.00601471 0.0270147 0.176471 1 0
0.03 0 0.03 0 0.015 0 0 0 0 0 0 0.015 0 0 0 0 0 0 0.136429 0 0.03 0 0 0 0 0 0 0 0 0 0 0 0 0 0 0 0 0 0 0 0 0 0 0 0.015 0 0 0 0.00285714 0.00285714 0 0 0 0 0.142857 0.214286 1 0
0 0 0 0 0 0.0264286 0 0 0 0 0 0 0 0 0 0 0 0 0.266429 0 0.0264286 0 0 0 0 0 0 0 0 0 0 0 0 0 0 0 0 0 0 0 0 0 0 0 0.0792857 0 0 0 0 0.00471429 0 0.00471429 0 0 0.111071 0.285714 1 0
0 0 0 0 0 0 0 0 0 0 0 0.022 0 0 0 0 0 0 0.286 0 0.176 0 0 0 0 0 0 0 0 0 0 0 0 0 0 0 0 0 0 0 0 0 0 0 0.044 0 0 0 0 0.00386667 0 0 0 0 0.0768667 0.2 1 0
0 0 0.016 0 0.008 0.004 0 0 0 0 0 0.004 0.008 0 0 0 0 0 0.0568 0 0 0 0 0 0 0 0 0 0 0 0 0 0 0 0 0 0 0 0 0 0 0 0 0 0.008 0 0 0 0 0.0022 0 0.00072 0 0 0.06664 0.16 1 0
0 0 0.00473684 0 0.00157895 0.00315789 0 0 0 0.00315789 0 0 0.00315789 0 0 0 0 0 0.0207895 0 0.00157895 0 0 0 0 0 0 0 0 0 0 0 0 0 0 0 0 0 0 0 0 0 0.00157895 0 0.00157895 0.00315789 0 0 0 0.000881579 0.000289474 0 0 0 0.0188553 0.157895 1 0
0 0 0 0 0 0 0 0 0 0 0 0 0 0 0 0 0 0 0 0 0 0 0 0 0 0 0 0 0 0 0 0 0 0 0 0 0 0 0 0 0 0 0 0.0342857 0 0 0 0 0 0 0 0 0 0.00585714 0.0833333 0.190476 1 0
0 0 0 0 0 0 0 0 0 0 0 0 0 0 0 0 0 0 0.0613158 0 0.0489474 0 0 0 0 0 0 0 0 0 0 0 0 0 0 0 0 0 0.0121053 0 0 0 0 0.0121053 0 0.0121053 0 0 0 0.00215789 0 0 0 0 0.0293947 0.0789474 1 0
0 0 0 0 0 0 0 0 0 1 0 0 0 0 0 0 0 0 1 0 0 0 0 0 0 0 0 0 0 0 0 0 0 0 0 0 0 0 0 0 0 0 0 0 0 0 0 0 0 0 0 0 0 0 0.31673 0.570342 0.95057 0
0 0 0 0 0 0 0 0 0 0 0 0 0 0 0 0 0 0.039375 0.158125 0 0 0 0 0 0 0 0 0 0 0 0 0 0 0 0 0 0 0 0 0 0 0 0 0.039375 0.0790625 0 0 0 0 0.00821875 0 0 0 0 0.0625 0.15625 1 0
0 0 0 0 0 0 0 0 0 0 0 0.0662069 0 0 0 0.0662069 0 0 0.132414 0 0.0662069 0 0 0 0 0 0 0 0 0 0 0 0 0 0 0 0 0 0 0 0.0662069 0 0 0 0.0662069 0.0662069 0 0 0 0 0 0 0 0 0.0555517 0.172414 1 0
0 0 0 0 0 0 0 0 0 0 0 0 0 0 0 0 0 0 0 0 0 0 0 0 0 0 0 0 0 0 0 0 0 0 0 0 0 0 0 0 0 0 0 0 0 0 0 0 0 0 0 0 0 0 0.111111 0.111111 1 0
0 0 0 0 0 0 0 0 0 0 0 0 0 0 0 0 0 0 0 0 0 0 0 0 0 0 0 0 0 0 0 0 0 0 0 0 0 0 0 0 0 0.504545 0 0 0 0 0 0 0 0 0 0 0 0 0.125 0.363636 1 0
0 0 0 0 0 0 0 0 0 0 0 0 0 0 0 0 0 0 0 0 0 0 0 0 0 0 0 0 0 0 0 0 0 0 0 0 0 0 0 0 0 0 0 0 0.260312 0 0 0 0 0 0 0 0 0 0.166656 0.5625 1 0
0 0 0 0 0 0 0 0 0 0 0 0.0462963 0 0 0 0 0 0 0.0462963 0 0 0 0 0 0 0 0 0 0.0462963 0 0 0 0 0 0 0 0 0 0 0 0 0 0 0 0 0 0 0 0 0.0276296 0 0 0 0 0.0624815 0.148148 1 0
0 0 0 0 0 0 0 0 0 0 0 0 0 0 0 0 0 0 0 0 0 0 0 0 0 0 0 0 0 0 0 0 0 0 0 0 0 0 0 0 0 0 0 0 0 0 0 0 0 0 0 0 0 0 0.166667 0.166667 1 0
0 0 0 0 0 0 0 0 0 0 0 0 0 0 0 0 0 0 0 0 0 0 0 0 0 0 0 0 0 0 0 0 0 0 0 0 0.1212 0 0 0 0 0.1212 0 0 0.1212 0.1212 0 0 0 0 0 0 0 0 0.0588 0.2 1 0
0 0 0 0 0 0 0 0 0 0.4625 0 0 0 0 0 0 0 0 0.4625 0 0.925 0 0 0 0 0 0 0 0.4625 0 0 0 0 0 0 0 0 0 0 0 0 0 0 0 0 0 0 0 0 0 0 0 0 0 0.25 0.5 1 0
0 0 0.00396226 0 0 0 0 0 0 0 0 0 0.00198113 0 0 0.00198113 0 0.00198113 0.0201887 0 0.00396226 0 0 0 0 0 0 0 0 0 0 0 0 0 0 0 0 0 0 0 0.00198113 0.00198113 0 0 0.00396226 0.00198113 0 0 0 0.000735849 0.000367925 0.000367925 0 0 0.0121887 0.0566038 1 0
0 0 0 0 0 0 0 0 0 0 0 0 0 0 0 0 0 0 1 0 0 0 0 0 0 0 0 0 0 0 0 0 0 0 0 0 0 0 0 0 0 0 0 0 0 0 0 0 0 0 0 0 0 0 0.120048 0.120048 0.240096 0
0 0 0 0 0 0 0 0 0 0 0 0 0 0 0 0 0 0 0 0 0 0 0 0 0 0 0 0 0 0 0 0 0 0 0 0 0 0 0 0 0 0 0 0 0 0 0 0 0 0 0 0 0 0 0.09088 0.16 1 0
0 0 0 0 0 0 0 0 0 0 0 0 0 0 0 0 0 0 0 0 0 0 0 0 0 0 0 0 0 0 0 0 0 0 0 0 0 0 0 0 0 0 0 0.416 0 0 0 0 0 0 0 0 0 0 0.1666 0.3 1 0
0 0 0 0 0 0 0 0 0 0 0 0 0 0 0 0.0143077 0 0 0.0143077 0 0 0 0 0 0 0 0 0 0 0 0 0 0 0 0 0 0.0143077 0 0 0 0 0 0 0.0143077 0.0143077 0.0143077 0 0 0 0.00250769 0 0 0 0 0.0294 0.230769 1 0
0 0 0 0 0 0 0 0 0 0 0 0 0 0 0 0 0 0 0.0140351 0 0 0 0 0 0 0 0 0 0 0 0 0 0 0 0 0 0.0140351 0 0 0 0 0 0 0.0140351 0.0140351 0.0140351 0 0 0 0.00261404 0 0 0 0 0.0333333 0.263158 1 0
0 0 0 0 0 0 0 0 0 0 0 0 0 0 0 0 0 0 0 0 0 0 0 0 0 0 0 0 0 0 0 0 0 0 0 0 0 0 0 0 0 0 0 0 0 0 0 0 0 0 0 0 0 0 0.25 0.4 1 0
0 0 0 0 0 0 0 0 0 0 0 0 0 0 0 0 0 0 0 0 0 0 0 0 0 0 0 0 0 0 0 0 0 0 0 0 0 0 0 0 0 0 0 0 0 0 0 0 0 0 0 0 0 0 0.333286 0.714286 1 0
0 0 0.0808333 0 0 0 0 0 0 0.0808333 0 0 0 0 0 0 0 0 0.2425 0 0.0808333 0 0 0 0 0 0 0 0 0 0 0 0 0 0 0 0 0 0 0 0 0 0 0.0808333 0 0 0 0 0 0 0 0 0 0 0.142833 0.5 1 0
0 0 0 0 0 0.0571429 0 0 0.0571429 0 0 0 0 0 0 0 0 0.0571429 0.114286 0 0 0 0 0 0 0 0 0 0.0571429 0 0 0 0 0 0 0 0 0 0 0 0 0 0 0.0571429 0 0 0.0571429 0 0 0.021 0 0 0 0 0.0832857 0.142857 1 0
0 0 0 0 0 0 0 0 0 0 0 0 0 0 0 0 0 0 0 0 0 0 0 0 0 0 0 0 0 0 0 0 0 0 0 0 0 0 0 0 0 0 0 0 0 0 0 0 0 0 0 0 0 0 0.5 0.75 1 0
0 0 0 0 0 0 0 0 0 0 0 0 0 0 0 0 0 0 0.0332558 0 0 0 0 0 0 0 0 0 0 0 0 0 0 0 0 0 0 0 0 0 0 0 0 0 0.0109302 0.0109302 0 0 0 0.00586047 0.00390698 0.00390698 0 0 0.0285581 0.116279 1 0
0 0 0 0 0 0 0 0 0 0 0 0 0 0 0 0 0 0 0 0 0 0 0 0 0 0 0 0 0 0 0 0 0 0 0 0 0 0 0 0 0 0 0 0 0 0.111 0 0 0 0.00556667 0 0 0 0 0.05555 0.3 1 0
0 0 0 0 0 0 0 0 0 0 0 0 0 0 0 0 0 0 0 0 0 0 0 0 0 0 0 0 0 0 0 0 0 0 0 0 0 0 0 0 0 0 0 1 0 0 0 0 0 0 0 0 0 0 0.120048 0.180072 0.240096 0
0.0044 0 0 0 0 0 0 0 0 0 0 0.0044 0 0 0 0 0 0 0.0088 0 0 0 0 0 0 0 0 0 0 0 0 0 0 0 0 0 0 0 0 0 0 0.0044 0 0 0.0132 0.0044 0 0 0 0.00233333 0.000773333 0.00154667 0 0 0.0169467 0.0666667 1 0
0.00246377 0 0.00985507 0 0.00492754 0.00492754 0 0 0 0 0 0 0 0 0 0 0 0.00492754 0.0695652 0 0.0272464 0 0 0 0 0 0 0 0 0 0 0 0 0 0 0 0 0 0 0 0 0 0 0 0.0073913 0.00246377 0 0 0 0.000463768 0 0.000942029 0 0 0.0172319 0.0724638 1 0
0 0 0 0 0 0 0 0 0 0 0 0 0 0 0 0 0 0 0.277 0 0 0 0 0 0 0 0 0 0 0 0 0 0 0 0 0 0 0 0 0 0 0 0 0 0 0.277 0 0 0 0 0 0 0 0 0.1 0.1 1 0
0.00741935 0 0 0 0.00741935 0 0 0 0 0 0 0 0 0 0 0 0 0 0.0148387 0 0 0 0 0 0 0 0 0 0 0 0 0 0 0 0 0 0 0 0.00741935 0 0 0.0148387 0 0 0.0148387 0.0148387 0 0 0 0.00324731 0 0 0 0.00107527 0.0263118 0.16129 1 0
0.000655738 0 0.00131148 0 0.000409836 0.000409836 0 0 0 0 0 0.000860656 0.00393443 0 0 0.000204918 0.000204918 0 0.00262295 0 0 0 0.000409836 0 0 0 0 0 0 0 0 0 0 0 0 0 0 0 0 0 0 0 0 0 0.000409836 0 0 0 0.000102459 6.96721e-05 3.27869e-05 0 3.27869e-05 3.27869e-05 0.00540164 0.0491803 1 0
0 0 0.0101852 0 0 0 0 0 0 0 0 0 0 0 0 0 0 0.0205556 0.0824074 0 0.0153704 0 0 0 0 0 0 0 0 0 0 0 0 0 0 0 0 0 0 0 0 0 0 0 0.005 0.005 0 0 0 0.000962963 0 0 0 0 0.0222222 0.0740741 1 0
0 0 0 0 0 0 0 0 0 0 0 0 0 0 0 0 0 0 0 0 0 0 0 0 0 0 0 0 0 0 0 0 0 0 0 0 0 0 0 0 0 0 0 0 0 0.445714 0 0 0 0 0 0 0 0 0.142857 0.142857 1 0
0 0 0 0 0 0 0 0 0 0 0 0 0 0 0 0 0 0 1 0 0.199436 0 0 0 0 0 0 0 0 0 0 0 0 0 0 0 0 0 0 0 0 0 0 0 0.199436 0.199436 0 0 0.0351834 0 0 0 0 0 0.0940734 0.0940734 0.658514 0
0 0 0.0364286 0 0 0 0 0 0 0 0 0 0 0 0 0 0 0 0.109286 0 0.0728571 0 0 0 0 0 0 0 0 0 0 0 0 0 0 0 0 0 0 0 0.0364286 0 0 0 0 0.0364286 0 0 0 0.0196429 0 0 0 0 0.0476071 0.178571 1 0
0.00915254 0 0.00915254 0 0.00915254 0 0 0 0 0 0 0 0 0 0 0 0 0 0.0744068 0 0.0277966 0 0 0 0 0 0 0 0 0 0 0 0 0 0 0 0 0 0 0 0 0 0 0.00915254 0 0.0184746 0 0 0 0 0.00164407 0 0 0 0.0256271 0.186441 1 0
0 0 0.00289063 0 0.0021875 0.0021875 0 0 0.000703125 0 0 0.00140625 0.0021875 0 0 0 0 0.00359375 0.0211719 0 0.00726563 0 0 0 0 0 0 0 0 0 0 0 0 0 0 0 0 0 0 0 0 0 0 0 0.004375 0.000703125 0.000703125 0 0 0.000132813 0 0 0 0 0.008 0.0234375 1 0
0 0 0 0 0 0 0 0 0 0 0.0109091 0 0 0 0 0 0 0 0.0330909 0 0 0 0 0 0 0 0 0 0 0 0 0 0 0 0 0 0 0 0 0 0 0 0 0 0.0109091 0.022 0 0 0.00203636 0 0 0 0 0 0.0294 0.2 1 0
0 0 0.00576923 0 0.00576923 0 0 0 0 0 0 0 0.00282051 0 0 0 0 0 0.0173077 0 0.00282051 0 0 0 0 0 0 0 0 0 0 0 0 0 0 0 0 0 0 0 0 0 0 0.00282051 0.00282051 0.00282051 0 0 0 0 0 0 0 0 0.0144872 0.0384615 1 0
0.0012963 0 0.0012963 0 0 0.00518519 0 0 0 0 0 0.0012963 0 0 0 0 0 0.00259259 0.0223148 0 0.0012963 0 0 0 0 0 0 0 0 0 0 0 0 0 0 0 0 0 0 0 0.00388889 0 0 0 0.00648148 0.0012963 0 0 0 0.000490741 0 0 0 0 0.0105185 0.0462963 1 0
0.00744444 0 0 0 0.00744444 0 0 0 0 0 0 0 0 0 0 0 0 0 0.0148889 0 0 0 0 0 0 0 0 0 0 0 0 0 0 0 0 0 0 0 0.00744444 0 0 0.0148889 0 0 0.0223333 0.0148889 0 0 0 0.00322222 0 0 0 0.00106667 0.0270222 0.166667 1 0
0.00595238 0 0.0119048 0 0.00595238 0 0 0 0 0 0 0.0119048 0 0 0 0 0 0.0178571 0.149524 0 0.0178571 0 0 0 0 0 0 0 0 0 0 0 0 0 0 0 0 0 0 0 0 0 0 0 0.0119048 0.00595238 0 0 0.00114286 0 0 0 0 0 0.0238095 0.0238095 1 0
0 0 0 0 0 0 0 0 0 0 0 0.0131579 0.0265789 0 0 0.0131579 0 0.0131579 0.0665789 0 0.0131579 0 0 0 0 0 0 0 0 0 0 0 0 0 0 0 0 0 0 0 0 0.0131579 0 0 0.0131579 0.0131579 0 0 0 0.00228947 0 0 0.00228947 0 0.0322368 0.0789474 1 0
0 0 0.00469388 0 0.00234694 0.00234694 0 0 0 0 0 0 0 0 0 0.00234694 0 0 0.0166327 0 0.00234694 0 0 0 0 0 0 0 0 0 0 0 0 0 0 0 0 0 0 0 0.00469388 0 0 0 0 0.00234694 0 0 0 0.000836735 0 0.000836735 0 0 0.0128163 0.0510204 1 0
0 0 0 0 0 0 0 0 0 0 0 0 0 0 0 0 0 0 0 0 0 0 0 0 0 0 0 0 0 0 0 0 0 0 0 0 0 0 0 0 0 0 0 0 0 0.107692 0 0 0 0.0195385 0 0 0 0 0.0769231 0.0769231 1 0
0 0 0.00131387 0 0.00131387 0.00131387 0 0 0 0 0 0 0 0 0 0 0 0 0.0150365 0 0.00408759 0 0 0 0 0 0 0 0 0 0 0 0 0 0 0 0 0 0 0 0 0 0 0.00270073 0.00408759 0.00270073 0 0 0.000240876 0.000240876 0 0.000722628 0 0 0.0108686 0.080292 1 0
0.0047541 0 0.0047541 0 0 0 0 0 0 0.0047541 0 0.0047541 0.00967213 0 0 0.0047541 0 0 0.0632787 0 0.0047541 0 0 0 0 0 0 0 0 0 0 0 0 0 0 0 0 0 0 0 0 0 0 0 0 0.0047541 0 0 0 0.0017541 0 0 0 0 0.02 0.0983607 1 0
0 0 0 0 0 0 0 0 0 0.032093 0 0 0 0 0 0 0 0.032093 0 0 0 0 0 0 0 0 0 0 0 0 0 0 0 0 0 0 0 0 0 0 0 0 0 0 0.032093 0.0644186 0 0 0 0.00495349 0 0 0 0 0.04 0.255814 1 0
0 0 0 0 0 0 0 0 0 0 0 0.00578125 0.00578125 0 0 0 0 0 0.0232813 0 0 0 0 0 0 0 0 0 0 0 0 0 0 0 0 0.00578125 0 0 0 0 0.00578125 0 0 0 0.0173438 0.00578125 0 0 0 0.00204687 0 0 0 0 0.02325 0.078125 1 0
0 0 0.05 0 0 0 0 0 0 0 0 0 0 0 0 0 0 0 0.150417 0 0.1 0 0 0 0 0 0 0 0 0 0 0 0 0 0 0 0 0 0 0 0 0 0 0 0 0.05 0 0 0 0 0 0 0 0 0.05 0.125 1 0
0 0 0.00571429 0 0 0 0 0 0 0 0 0 0 0 0 0 0 0 0.0114286 0 0 0 0 0.00571429 0 0 0 0 0 0 0 0 0 0 0 0 0 0 0 0 0 0 0 0 0.00571429 0.00571429 0 0 0 0 0.00207143 0 0 0 0.0196 0.0714286 1 0
0.000150922 2.79486e-05 5.58972e-05 0 0 0 0 0 0 0 0 0.000268306 0 0 0 0 0 5.58972e-05 0.000542202 0 5.58972e-05 0.00193963 0 0 0 0 0 0 0 0 0 0 0 0 0 0 0.000150922 0 0 0 0 0 0 0 0 0.000424818 0 0 0.000339296 3.57742e-05 2.0123e-05 3.07434e-05 0 0.000112912 0.00210509 0.0240358 1 0
0 0 0 0 0 0 0 0 0 0 0 0 0 0 0 0 0 0 0 0 0 0 0 0 0 0 0 0 0 0 0 0 0 0 0 0 0 0 0 0 0.432727 0 0 0 0 0.432727 0 0 0 0 0 0 0 0 0.142818 0.454545 1 0
0 0 0 0 0 0.011087 0 0 0 0 0 0 0 0 0 0 0 0.011087 0.0665217 0 0.0221739 0 0 0 0 0 0 0 0 0 0 0 0 0 0 0 0 0 0 0 0 0 0 0 0 0.011087 0 0 0 0.00197826 0 0.00197826 0 0 0.0344783 0.0869565 1 0
0 0 0 0 0 0 0 0 0 0 0 0 0 0 0 0 0 0.0468421 0.0468421 0 0 0 0 0 0 0 0 0 0 0 0 0 0 0 0 0 0 0 0 0 0 0 0 0 0 0.0468421 0 0 0 0 0 0 0 0 0.0666316 0.157895 1 0
0 0 0.0175714 0 0 0 0 0 0 0 0 0 0 0 0 0 0 0.00871429 0.0264286 0 0 0 0 0 0 0 0 0 0 0 0 0 0 0 0 0 0 0 0 0 0.00871429 0.00871429 0 0 0.0175714 0.00871429 0 0 0 0 0.0058 0 0 0 0.0238 0.185714 1 0
0 0 0.00365854 0 0 0.00178862 0 0 0 0 0 0 0.00365854 0 0 0 0 0 0.014878 0 0.00365854 0 0 0 0 0 0 0 0.00178862 0 0 0 0 0 0 0 0 0 0 0 0.00552846 0 0 0.00365854 0.00178862 0.00178862 0 0 0 0.000666667 0 0.000333333 0 0 0.0121951 0.0569106 1 0
0 0 0 0 0 0 0 0 0 0 0 0 0 0 0 0 0 0 0.865455 0 0 0 0 0 0 0 0 0 0 0 0 0 0 0 0 0 0 0 0 0 0 0 0 0 0 0.432727 0 0 0 0.0568182 0 0 0 0 0.125 0.363636 1 0
0 0 0 0 0.00206897 0 0 0 0 0 0 0.0189655 0 0 0 0 0.00206897 0.00206897 0.00844828 0 0.00206897 0 0 0 0 0 0 0 0 0 0 0 0 0 0 0 0 0 0.00844828 0 0 0 0 0 0 0 0 0 0 0.000643678 0 0 0 0.000321839 0.0103046 0.12069 1 0
0 0 0 0 0 0 0 0 0 0 0 0.0253571 0.0253571 0 0 0 0 0 0.0253571 0 0 0 0 0 0 0 0 0 0 0 0 0 0 0 0 0 0 0 0 0 0 0 0 0 0 0.0253571 0 0 0 0.00446429 0 0 0.00446429 0 0.0454286 0.142857 1 0
0 0 0.303 0 0 0 0 0 0 0 0 0 0 0 0 0 0 0 0 0 0 0 0 0 0 0 0 0 0 0 0 0 0 0 0 0 0 0 0 0 0 0 0 0 0.303 0.303 0 0 0 0 0 0 0 0 0.1111 0.2 1 0
0 0 0 0 0.0245455 0 0 0 0 0 0 0.0245455 0 0 0 0 0 0 0.0245455 0 0.0245455 0 0 0 0 0 0 0 0 0 0 0 0 0 0 0 0 0 0 0 0 0 0 0.0495455 0 0.0245455 0 0 0 0 0 0 0 0 0.0454545 0.0454545 1 0
0 0 0 0 0 0 0 0 0 0 0 0.00734177 0 0 0 0.00734177 0 0 0.0367089 0 0.00734177 0.00734177 0 0 0 0 0 0 0 0 0 0 0 0 0 0 0 0 0 0 0 0 0 0 0 0.00734177 0 0 0 0.00234177 0 0 0 0.00116456 0.0312405 0.139241 1 0
0 0 0 0 0 0 0 0 0 0 0 0 0 0 0 0 0 0 0.86125 0 0 0 0 0 0 0 0 0 0 0 0 0 0 0 0 0 0 0 0 0 0 0 0 0 0 0.43 0 0 0 0 0 0 0 0 0.125 0.125 1 0
0 0 0.0462963 0 0.0925926 0 0 0 0 0 0 0 0.022963 0 0 0 0 0 0.022963 0 0 0 0 0 0 0 0 0 0 0 0 0 0 0 0 0 0 0 0 0 0.022963 0 0 0.0462963 0.022963 0.022963 0 0 0 0.00411111 0 0 0 0 0.0475926 0.148148 1 0
0 0 0 0 0 0 0 0 0 0 0 0 0 0 0 0 0 0 0 0 0 0 0 0 0 0 0 0 0 0 0 0 0 0 0 0 0 0 0 0 0 0 0 0 0 1 0 0 0 0 0 0.136801 0 0 0.130039 0.130039 0.780234 0
0 0 0 0 0 0 0 0 0 0 0 0.0847368 0 0 0 0 0 0 0.339474 0 0 0 0 0 0 0 0 0 0 0.0847368 0 0 0 0 0 0 0 0 0 0 0 0 0 0 0 0.0847368 0 0 0 0.0331579 0 0 0 0 0.0908947 0.263158 1 0
0 0 0.0495833 0 0 0 0 0 0 0 0 0 0 0 0 0 0 0.0245833 0.14875 0 0.0495833 0 0 0 0 0 0 0 0 0 0 0 0 0 0 0 0 0 0 0 0 0 0 0 0 0.0245833 0 0 0 0 0 0 0 0 0.0416667 0.0416667 1 0
0.00352273 0 0.00704545 0 0 0.00352273 0 0 0 0 0 0.0213636 0 0 0 0 0 0 0.00704545 0 0 0 0 0 0 0 0 0 0 0 0 0 0 0 0 0 0 0 0 0 0 0 0 0.00352273 0.00352273 0.00352273 0 0 0 0.00263636 0 0 0 0 0.0129773 0.0340909 1 0
0 0 0 0 0 0 0 0 0 0 0 0 0 0 0 0 0 0 0.428571 0 0.142857 0 0 0 0 0 0 0 0 0 0 0 0 0 0 0 0 0 0 0 0 0 0 0 0 0.142857 0 0 0 0 0 0.0252143 0 0 0.111071 0.285714 1 0
0.00254237 0 0.00254237 0 0 0 0 0 0 0 0 0.0152542 0.00254237 0 0 0 0 0.00762712 0.0127119 0 0.00254237 0 0 0 0 0 0 0 0 0 0 0 0 0 0 0 0 0 0 0 0 0 0 0 0 0.0101695 0 0 0.000864407 0.00608475 0 0 0 0 0.0118983 0.0508475 1 0
0.0123077 0 0 0 0.00410256 0 0 0 0 0 0 0.00410256 0 0 0 0 0 0 0.0247436 0 0.00410256 0 0 0 0 0 0 0 0 0 0 0 0 0 0 0 0 0 0 0 0 0 0 0.00410256 0 0.00410256 0 0 0 0.000730769 0 0 0 0 0.0147051 0.0641026 1 0
0 0 0.01625 0 0 0 0 0 0 0 0 0 0.01625 0 0 0 0 0 0.115 0 0.01625 0 0 0 0 0 0 0 0 0 0 0 0 0 0 0 0 0 0 0 0 0 0 0 0.04925 0.01625 0 0 0 0 0 0.003125 0 0 0.03125 0.125 1 0
